859
7039
3287
2215
3083
9444
9792
412
3113
4304
6393
4056
1379
7911
6232
4799
3536
6008
9068
679
6750
5680
2175
1890
9121
174
148
3509
2742
264
837
2180
5908
5892
8680
1955
8067
5245
2478
4451
7334
7413
8576
6111
9727
1928
695
3762
3554
2634
7303
4008
5284
849
672
9580
936
108
177
9314
3193
9229
8900
9437
1206
7361
7386
5888
7904
6570
7106
5507
6452
3853
7368
9700
3845
2573
334
4761
3530
3863
9069
5177
7937
29
7002
8569
6006
3781
6219
7624
5502
8926
9785
1944
6163
3256
1323
8675
6417
9745
2653
9553
8328
5622
879
5857
5595
2888
9180
1805
1992
5445
1167
820
9704
4639
5926
4865
8767
1489
2201
2338
6076
7
6339
6121
3085
8584
9571
7044
1908
700
9686
3461
3720
3910
8169
5802
8500
8657
7047
1905
6583
9052
3716
8481
6691
1493
7900
7084
3596
4423
2623
4106
4078
3430
8698
309
563
855
6695
6822
5327
3349
890
9954
1161
4573
2059
6698
2860
3008
2938
6547
940
6664
5845
7509
9887
8945
8830
8239
5171
8075
9400
1339
7119
7158
5566
276
8549
827
3905
9864
4475
9876
8837
4577
614
4674
6721
3188
9413
9244
4038
1146
7138
2176
920
4228
9926
3293
6374
5747
2116
3907
9092
8182
7936
8882
1229
2624
9945
1996
7096
4908
3740
8361
8153
8254
2803
2419
7537
7324
5073
2775
3770
3201
8899
1262
1312
9339
7588
4719
6187
832
2501
8420
7944
2876
6881
7031
5859
3781
5193
4261
9000
4736
8475
506
587
5837
2318
166
4316
3389
7525
6999
5960
9195
8642
3448
1254
1597
353
5003
1503
4229
6604
6649
8502
7537
4713
1239
3421
1457
2040
3525
2300
7821
4007
2645
7232
7438
6955
9704
3100
6908
8028
7942
1447
5647
6363
1942
3356
6180
9660
184
9383
3106
8464
126
9781
6919
2582
6812
1514
4538
2353
9476
4033
9463
2761
2003
3821
8301
8698
6011
1999
5376
2364
3194
4001
3810
4709
1634
3282
5000
2624
7763
2433
1093
1130
2003
5859
8890
178
4411
7924
8023
1727
5414
4346
8683
7983
856
9633
9194
7224
7157
2483
6402
7014
9050
3276
8176
4074
9367
7091
5092
9492
3232
8699
7315
8307
5807
3860
5701
675
8066
9249
6807
1644
2750
7987
9628
9128
5316
3720
7883
3147
1487
1404
4404
4386
8827
5923
3606
4464
839
4089
6608
1472
6532
5316
5729
5720
8112
9052
4000
6107
5832
6084
4813
8338
5744
4513
4915
3947
3295
4462
8783
496
9785
538
5272
2456
4690
473
2695
3984
3358
8338
7594
257
4618
8455
4868
885
8832
8796
6260
7561
4438
2620
9559
1342
6818
3188
2714
5208
4163
4816
246
8014
2281
2847
1161
7804
2294
271
618
9247
6844
2568
2419
4377
2172
7433
3183
7214
3935
7364
8779
4022
2372
8503
5748
872
464
9637
9170
4242
8963
3637
9288
6002
734
14
7398
4360
4380
6456
3032
2117
4481
3625
4744
9895
3843
9257
9912
9881
6922
9294
9259
2462
563
4856
5487
2791
5372
4658
2872
8882
613
4742
1972
8671
8021
6800
7172
9615
9475
2627
7738
3930
9930
5924
9934
3554
1601
2359
6383
5179
1690
3924
8296
1478
3966
2791
7839
2171
7457
9886
5400
1832
9059
9993
2598
9243
5666
6924
5968
599
29
1329
6733
5897
7973
8347
8294
533
3523
1036
6166
9191
802
5085
2543
3752
8856
522
4396
9983
9355
8818
1840
5560
3080
3980
7444
1906
9676
6995
9138
1715
3554
3518
3337
6099
8461
5650
5278
6286
2583
5410
6405
278
72
5128
6256
9741
4002
8876
4826
1812
4630
9921
6913
1411
7997
7728
1053
1305
3437
9346
2440
1136
1177
6914
3293
119
3612
8126
3742
4768
751
5168
9829
6333
1005
8875
1326
627
2381
64
7907
4931
7552
4371
983
8395
1401
7709
5469
7749
2298
2886
231
8719
7064
4085
5741
6477
8174
2042
6420
2759
6635
6138
6915
3933
9505
6503
8149
4239
2992
4004
8027
9348
3095
4834
9441
8957
4229
8678
8904
5379
9994
1527
6714
1250
6236
1428
9997
5224
9714
1664
2521
2079
4403
562
1474
9025
5296
8195
1013
2082
9348
5135
8527
7324
3541
4207
3227
3757
8192
2106
5287
1750
1135
6037
3347
7083
8020
3601
367
1090
7432
7709
4299
1000
898
5096
5947
2642
7611
3689
259
63
3855
6717
6939
4735
3318
3526
1458
6242
4457
8439
191
7197
9658
4336
7990
4737
7228
423
9899
6738
7765
4105
210
9890
8461
8367
8553
6037
2498
4395
9136
1692
3218
1284
6537
4394
3836
605
5167
2868
6605
9181
2326
8998
5358
4633
8983
3433
6986
9228
3961
5853
8012
2841
8954
9036
3968
5619
929
6094
8869
1311
5422
296
4772
9280
8409
9238
588
5488
8998
6384
120
912
3088
3303
1635
1178
2347
6679
2911
9654
3247
7558
5596
6309
9599
4141
6757
4052
6348
7818
1610
1740
5716
1294
1244
4720
5980
8961
2144
3888
5597
2743
5771
8051
3902
1686
5436
4673
2665
866
6852
8328
3755
2965
1558
412
7446
4768
7613
5532
4824
9660
4940
3702
2816
9969
8054
622
8410
1241
1062
4455
3509
1662
839
5753
2136
3616
3441
6045
8285
5429
9964
3608
4546
2051
576
8512
4987
642
2263
2008
8820
6711
7235
7297
7604
3245
2078
5058
1559
7726
5881
2390
3495
407
7616
1720
4391
1428
619
8760
5418
2913
5843
9570
4035
5173
4901
6922
3217
7272
3111
5324
672
508
7910
9121
643
3037
3614
7987
8949
4621
5354
928
5628
6777
5625
5191
1701
130
4154
995
567
1710
3073
3292
8335
1426
8757
5027
3269
7101
7031
9492
6943
9549
7732
7795
8838
87
1887
3300
5362
2909
759
5665
2152
3886
7745
7723
2645
1039
5056
7639
2807
7222
4519
1959
820
5842
8594
4922
5368
894
4288
705
7499
8605
4537
6446
8176
3806
3697
3246
762
9123
2594
2365
423
3657
4771
5873
7971